7.594999999999999751e+00
6.491999999999999993e+00
6.491999999999999993e+00
5.847000000000000419e+00
5.847000000000000419e+00
5.227999999999999758e+00
4.665000000000000036e+00
3.491000000000000103e+00
3.491000000000000103e+00
3.491000000000000103e+00
3.282999999999999918e+00
3.282999999999999918e+00
3.282999999999999918e+00
3.282999999999999918e+00
3.282999999999999918e+00
3.282999999999999918e+00
3.008000000000000007e+00
3.008000000000000007e+00
3.008000000000000007e+00
3.008000000000000007e+00
3.008000000000000007e+00
3.008000000000000007e+00
3.008000000000000007e+00
2.001999999999999780e+00
2.001999999999999780e+00
2.001999999999999780e+00
2.001999999999999780e+00
2.001999999999999780e+00
2.001999999999999780e+00
2.001999999999999780e+00
2.001999999999999780e+00
2.001999999999999780e+00
2.001999999999999780e+00
2.001999999999999780e+00
2.001999999999999780e+00
2.001999999999999780e+00
1.903999999999999915e+00
1.903999999999999915e+00
1.903999999999999915e+00
1.903999999999999915e+00
1.903999999999999915e+00
1.903999999999999915e+00
1.903999999999999915e+00
1.903999999999999915e+00
1.903999999999999915e+00
1.903999999999999915e+00
1.903999999999999915e+00
1.903999999999999915e+00
1.903999999999999915e+00
1.903999999999999915e+00
1.903999999999999915e+00
1.903999999999999915e+00
1.903999999999999915e+00
1.903999999999999915e+00
1.903999999999999915e+00
1.903999999999999915e+00
1.903999999999999915e+00
1.903999999999999915e+00
1.903999999999999915e+00
1.903999999999999915e+00
1.903999999999999915e+00
1.903999999999999915e+00
1.903999999999999915e+00
1.903999999999999915e+00
1.903999999999999915e+00
1.903999999999999915e+00
1.903999999999999915e+00
1.903999999999999915e+00
1.903999999999999915e+00
1.903999999999999915e+00
1.903999999999999915e+00
1.903999999999999915e+00
1.903999999999999915e+00
1.903999999999999915e+00
1.903999999999999915e+00
1.903999999999999915e+00
1.903999999999999915e+00
1.903999999999999915e+00
1.903999999999999915e+00
1.903999999999999915e+00
1.903999999999999915e+00
1.903999999999999915e+00
1.903999999999999915e+00
1.903999999999999915e+00
1.903999999999999915e+00
1.903999999999999915e+00
1.903999999999999915e+00
1.903999999999999915e+00
1.903999999999999915e+00
1.903999999999999915e+00
1.903999999999999915e+00
1.903999999999999915e+00
1.903999999999999915e+00
1.903999999999999915e+00
1.903999999999999915e+00
1.903999999999999915e+00
1.903999999999999915e+00
1.903999999999999915e+00
1.903999999999999915e+00
1.903999999999999915e+00
1.903999999999999915e+00
1.903999999999999915e+00
1.903999999999999915e+00
1.903999999999999915e+00
1.822999999999999954e+00
1.822999999999999954e+00
1.822999999999999954e+00
1.822999999999999954e+00
1.822999999999999954e+00
1.822999999999999954e+00
1.822999999999999954e+00
1.822999999999999954e+00
1.822999999999999954e+00
1.822999999999999954e+00
1.743999999999999995e+00
1.743999999999999995e+00
1.743999999999999995e+00
1.743999999999999995e+00
1.743999999999999995e+00
1.743999999999999995e+00
1.743999999999999995e+00
1.743999999999999995e+00
1.743999999999999995e+00
1.743999999999999995e+00
1.743999999999999995e+00
1.743999999999999995e+00
1.743999999999999995e+00
1.743999999999999995e+00
1.743999999999999995e+00
1.743999999999999995e+00
1.743999999999999995e+00
1.743999999999999995e+00
1.743999999999999995e+00
1.743999999999999995e+00
1.667000000000000037e+00
1.667000000000000037e+00
1.667000000000000037e+00
1.667000000000000037e+00
1.667000000000000037e+00
1.667000000000000037e+00
1.667000000000000037e+00
1.667000000000000037e+00
1.667000000000000037e+00
1.667000000000000037e+00
1.667000000000000037e+00
1.667000000000000037e+00
1.667000000000000037e+00
1.667000000000000037e+00
1.667000000000000037e+00
1.667000000000000037e+00
9.388999999999999346e+00
7.235999999999999766e+00
4.176999999999999602e+00
4.008000000000000007e+00
3.709000000000000075e+00
3.491000000000000103e+00
3.491000000000000103e+00
3.491000000000000103e+00
3.491000000000000103e+00
3.282999999999999918e+00
3.008000000000000007e+00
3.008000000000000007e+00
3.008000000000000007e+00
3.008000000000000007e+00
3.008000000000000007e+00
2.895999999999999908e+00
2.895999999999999908e+00
2.895999999999999908e+00
2.895999999999999908e+00
2.733000000000000096e+00
2.733000000000000096e+00
2.733000000000000096e+00
2.733000000000000096e+00
2.733000000000000096e+00
2.733000000000000096e+00
2.733000000000000096e+00
2.733000000000000096e+00
2.733000000000000096e+00
2.733000000000000096e+00
2.733000000000000096e+00
2.733000000000000096e+00
2.733000000000000096e+00
2.733000000000000096e+00
2.576999999999999957e+00
2.576999999999999957e+00
2.576999999999999957e+00
2.576999999999999957e+00
2.576999999999999957e+00
2.443999999999999950e+00
2.443999999999999950e+00
2.315999999999999837e+00
2.315999999999999837e+00
2.315999999999999837e+00
2.315999999999999837e+00
2.103000000000000203e+00
2.103000000000000203e+00
2.103000000000000203e+00
2.103000000000000203e+00
2.103000000000000203e+00
2.103000000000000203e+00
2.103000000000000203e+00
2.103000000000000203e+00
2.103000000000000203e+00
9.388999999999999346e+00
5.530000000000000249e+00
4.427999999999999936e+00
7.004999999999999893e+00
5.227999999999999758e+00
8.012000000000000455e+00
7.004999999999999893e+00
6.011000000000000121e+00
5.530000000000000249e+00
5.530000000000000249e+00
4.996000000000000441e+00
4.996000000000000441e+00
4.665000000000000036e+00
4.427999999999999936e+00
4.176999999999999602e+00
4.176999999999999602e+00
4.176999999999999602e+00
4.008000000000000007e+00
4.008000000000000007e+00
4.008000000000000007e+00
4.008000000000000007e+00
3.709000000000000075e+00
3.709000000000000075e+00
3.709000000000000075e+00
3.491000000000000103e+00
4.665000000000000036e+00
4.176999999999999602e+00
8.448999999999999844e+00
3.709000000000000075e+00
3.491000000000000103e+00
4.996000000000000441e+00
4.665000000000000036e+00
4.176999999999999602e+00
5.227999999999999758e+00
5.227999999999999758e+00
4.008000000000000007e+00
3.709000000000000075e+00
6.491999999999999993e+00
4.176999999999999602e+00
6.011000000000000121e+00
5.227999999999999758e+00
5.530000000000000249e+00
5.227999999999999758e+00
4.996000000000000441e+00
3.709000000000000075e+00
3.282999999999999918e+00
2.733000000000000096e+00
2.443999999999999950e+00
2.443999999999999950e+00
2.443999999999999950e+00
2.443999999999999950e+00
2.443999999999999950e+00
2.315999999999999837e+00
2.315999999999999837e+00
2.208000000000000185e+00
2.208000000000000185e+00
2.208000000000000185e+00
2.208000000000000185e+00
2.208000000000000185e+00
2.208000000000000185e+00
2.208000000000000185e+00
5.530000000000000249e+00
4.996000000000000441e+00
5.227999999999999758e+00
4.996000000000000441e+00
3.008000000000000007e+00
2.103000000000000203e+00
5.530000000000000249e+00
4.665000000000000036e+00
3.709000000000000075e+00
3.709000000000000075e+00
3.491000000000000103e+00
3.491000000000000103e+00
3.491000000000000103e+00
2.576999999999999957e+00
9.388999999999999346e+00
6.491999999999999993e+00
6.011000000000000121e+00
4.665000000000000036e+00
4.427999999999999936e+00
4.427999999999999936e+00
4.427999999999999936e+00
4.176999999999999602e+00
4.176999999999999602e+00
2.576999999999999957e+00
2.576999999999999957e+00
