 Cluster          RA        DEC      R_Sun    R_GC  N_RV  N_PM    Mass         DM            V           M/L_V       rc     rh,l     rh,m     rt    rho_c  rho_h,m   sig_c   sig_h,m lg Trh   MF   F_REM   sig0   vesc     etac   etah    A_Rot     P_Rot
  Name                               [kpc]   [kpc]               [Msun]      [Msun]        [mag]      [Msun/Lsun]   [pc]    [pc]     [pc]    [pc]  [Ms/pc3][Ms/pc3] [Ms/pc2] [Ms/pc2] [yr]  Slope         [km/s] [km/s]                  [km/sec]
NGC 104         6.02363  -72.08128   4.43     7.78  3990  18084  8.07e+05   5.27e+03    4.07   0.11   1.82   0.17   0.66    3.35     5.47   121.70    4.57    2.77    4.76    3.71    9.56  -0.50   0.50   12.3   49.2   -0.35  -0.04  5.00 +- 0.32 100.0
NGC 288        13.18850  -26.58261   9.00    12.44   557   1453  9.84e+04   2.82e+03    8.16   0.07   2.40   0.17   4.35    6.44     9.24    94.74    1.62    1.17    2.66    2.37    9.54  -0.51   0.54    3.0   10.5   -0.18  -0.09  0.42 +- 0.32  84.3
NGC 362        15.80942  -70.84878   9.17    10.00   496  10468  3.36e+05   4.90e+03    6.55   0.16   1.69   0.25   0.36    2.26     4.15   110.52    4.77    2.78    4.72    3.59    9.28  -0.88   0.49    8.9   31.9   -0.28  -0.09  0.51 +- 0.56  53.0
Whiting 1      30.73750   -3.25278  31.30    36.05     7      0  1.63e+03   3.25e+02   14.91   0.44   0.51   0.10   2.54    7.85    12.93    44.86    0.24   -1.05    1.04    0.27    9.01  -0.02   0.45    0.3    1.3   -0.18  -0.04    
NGC 1261       48.06754  -55.21622  17.20    19.14   298     36  1.93e+05   1.62e+04    8.57   0.18   1.98   0.34   1.58    3.41     5.25   137.65    3.04    2.21    3.65    3.14    9.31  -0.58   0.52    5.6   20.0   -0.27  -0.10  0.90 +- 0.64  86.9
Pal 1          53.33350   79.58105  11.00    17.52     7      0  1.99e+03   3.93e+02   13.18   0.00   2.35   0.64   0.86    2.97     8.25    26.79    1.49   -0.37    1.79    0.77    8.86  -0.88   0.25    0.5    1.7   -0.22  -0.10    
AM 1           58.75959  -49.61528 123.30   124.72     2      0  3.25e+04   6.51e+03   15.45   0.00   1.81   0.36   7.60   14.38    18.78   273.80    0.34   -0.23    1.63    1.27    9.71   1.28   0.74    1.2    4.2   -0.13  -0.04    
Eridanus       66.18542  -21.18694  90.10    95.37    14      0  1.11e+04   2.21e+03   14.90   0.00   0.75   0.15   8.68   15.87    20.84   168.60   -0.28   -0.84    1.06    0.71    9.58   1.08   0.72    0.7    2.3   -0.10  -0.01    
Pal 2          71.52462   31.38150  27.20    35.53    16      0  2.39e+05   9.99e+04   11.24   0.07   1.19   0.54   1.71    5.01     8.33   208.96    2.92    1.70    3.54    2.83    9.70  -0.86   0.37    5.1   19.5   -0.36  -0.04    
NGC 1851       78.52816  -40.04655  11.33    16.39  1323   7334  2.81e+05   3.91e+03    7.24   0.09   1.90   0.14   0.07    1.66     2.76   118.36    6.36    3.21    5.58    3.84    8.89  -0.41   0.51   10.6   44.2   -0.41  -0.11  0.45 +- 0.42  71.2
NGC 1904       81.04417  -24.52448  13.27    19.54   565      0  1.56e+05   8.74e+03    7.99   0.19   1.58   0.26   0.40    2.53     3.18   105.98    4.47    2.76    4.47    3.46    8.79   1.04   0.73    7.1   28.1   -0.35  -0.05  2.24 +- 0.46 100.0
NGC 2298      102.24754  -36.00531  10.80    16.18    40     43  5.72e+04   1.18e+04    9.42   0.13   2.26   0.49   0.78    2.63     3.56    91.22    3.33    2.18    3.63    2.94    8.72   0.22   0.75    3.8   14.5   -0.36  -0.12    
NGC 2419      114.53529   38.88244  83.18    90.94   184      0  1.43e+06   1.97e+05   10.40   0.03   3.02   0.42   8.94   18.29    24.20   811.25    1.81    1.08    2.59     nan   10.81  -1.50   0.39   11.9   26.9    0.00   0.00    
Pyxis         136.99083  -37.22139  39.40    41.53    43      0  2.35e+04   3.93e+03   13.14   0.19   1.43   0.35  14.77   18.32    24.31   118.46   -0.46   -0.71    1.10    0.93    9.90  -0.36   0.55    0.9    3.0   -0.07  -0.05    
NGC 2808      138.01291  -64.86350  10.21    11.85  2119  18379  8.69e+05   6.17e+03    6.33   0.09   1.78   0.13   0.78    2.15     3.55   159.16    4.51    3.37    4.81    4.13    9.34  -0.89   0.44   14.7   56.6   -0.36  -0.10  2.25 +- 0.56 100.0
E 3           140.23779  -77.28189   8.09     9.40    20     22  2.92e+03   5.62e+02   11.35   0.00   0.77   0.21   1.86    4.33     6.29    24.13    1.00    0.15    1.68    1.16    8.59   0.60   0.60    0.6    2.3   -0.23  -0.09    
Pal 3         151.38292    0.07167  92.50    95.98    18      0  1.83e+04   3.43e+03   14.45   0.21   1.76   0.47  12.36   19.58    26.76   191.03   -0.47   -0.94    1.02    0.72    9.93  -0.32   0.50    0.8    2.5   -0.12  -0.02    
NGC 3201      154.40343  -46.41248   4.60     9.15  3069   3287  1.41e+05   3.37e+03    6.88   0.20   2.37   0.40   1.78    3.69     6.02    72.71    2.74    1.89    3.40    2.88    9.38  -0.86  29.27    4.5   16.7   -0.35  -0.11  0.80 +- 0.41  98.8
Pal 4         172.32000   28.97358 103.00   105.77    23      0  2.76e+04   1.16e+04   14.22   0.16   1.40   0.62  12.89   17.53    23.96   244.25   -0.28   -0.61    1.23    1.01    9.98  -0.86   0.47    1.0    3.3   -0.17  -0.05    
Crater        174.06750  -10.87744 145.00   144.77    33      0  1.06e+04   2.09e+03   15.50   0.00   0.94   0.25  12.41   19.04    25.34   221.18   -0.67   -1.10    0.81    0.54    9.75   0.16   0.53    0.6    1.9   -0.09  -0.02    
NGC 4147      182.52626   18.54264  18.20    20.58    44      0  3.76e+04   9.03e+03   10.38   0.11   1.73   0.45   0.40    2.49     3.58    86.51    3.86    2.02    3.83    2.76    8.61  -0.10   0.68    3.2   13.2   -0.39  -0.11    
NGC 4372      186.43918  -72.65900   5.76     7.47   194   1975  2.22e+05   9.48e+03    7.23   0.01   2.01   0.09   4.19    5.83     8.50    77.40    2.05    1.63    3.07    2.80    9.70  -0.97   0.38    4.8   16.3   -0.20  -0.10  1.36 +- 0.68  99.2
Rup 106       189.66750  -51.15028  21.20    18.45    33      0  3.44e+04   5.97e+03   10.90   0.00   1.16   0.29   5.09    7.77    10.52    76.48    0.97    0.55    2.08    1.81    9.40  -0.10   0.58    1.7    5.8   -0.21  -0.10    
NGC 4590      189.86658  -26.74406  10.13    10.30   251    236  1.32e+05   1.17e+04    8.15   0.22   2.38   0.47   1.92    4.32     7.41    82.55    2.59    1.59    3.27    2.67    9.54  -1.05   0.46    3.9   14.9   -0.38  -0.09  0.27 +- 0.51  17.2
BH 140        193.47292  -67.17728   5.00     7.13     5    534  4.93e+04   6.06e+03    8.52   0.00   1.07   0.24   4.35    6.37     9.18    47.67    1.33    0.88    2.37    2.09    9.43  -0.67   0.45    2.2    7.6   -0.26  -0.10    
NGC 4833      194.89134  -70.87650   6.56     7.36   162    637  1.80e+05   1.08e+04    6.91   0.20   1.14   0.22   1.94    3.75     5.58    76.88    2.80    2.10    3.50    3.06    9.30  -0.30   0.46    5.3   19.2   -0.29  -0.11  1.14 +- 0.83  86.6
NGC 5024      198.23021   18.16816  17.90    18.56   338    165  4.17e+05   3.34e+04    7.71   0.10   1.74   0.20   2.14    6.22     9.85   173.19    2.90    1.72    3.62    2.92    9.93  -1.02   0.35    6.2   23.5   -0.32  -0.02  1.17 +- 0.62  99.5
NGC 5053      199.11288   17.70025  17.20    17.80    55      0  7.30e+04   1.59e+04    9.71   0.20   2.15   0.61  10.10   12.13    16.98   100.74    0.51    0.25    1.91    1.73    9.95  -1.08   0.50    2.0    6.3   -0.10  -0.06  0.36 +- 0.90  15.5
NGC 5139      201.69684  -47.47958   5.24     6.74  4900  49485  3.34e+06   3.70e+04    3.53   0.11   2.68   0.25   4.08    7.12     6.63   196.46    3.29    2.64    4.24    3.85   10.35  -1.50   0.51   17.5   63.1   -0.06  -0.03  4.27 +- 0.52 100.0
NGC 5272      205.54842   28.37728   9.59    11.86   647    754  3.60e+05   1.60e+04    6.40   0.16   1.57   0.21   0.96    3.21     5.07   120.36    3.91    2.52    4.23    3.43    9.39  -0.48   0.44    8.0   31.5   -0.39  -0.09  1.75 +- 0.42 100.0
NGC 5286      206.61171  -51.37425  11.45     8.73  1089    213  3.59e+05   1.30e+04    7.20   0.12   1.32   0.12   0.53    2.44     3.80   105.93    4.48    2.90    4.61    3.68    9.18  -0.51   0.43    9.6   37.7   -0.39  -0.10  0.76 +- 0.95  40.6
AM 4          209.09042  -27.16750  32.20    27.53    14      0  1.05e+03   2.09e+02   16.78   0.00   5.34   4.49   6.61   10.00    18.77   115.29   -1.01   -1.72    0.21   -0.22    9.41  -1.73   0.25    0.2    0.8   -0.26  -0.10    
NGC 5466      211.36371   28.53445  16.00    16.47    67      0  5.47e+04   1.14e+04    9.46   0.30   1.52   0.49   6.61   10.91    16.04    78.55    0.79    0.20    2.00    1.63    9.89  -1.10   0.29    1.7    6.0   -0.25  -0.06  0.84 +- 0.65  81.3
NGC 5634      217.40512   -5.97642  27.20    22.91    50      0  2.20e+05   4.82e+04    9.65   0.27   2.40   0.77   0.84    4.70     7.78   183.37    3.93    1.74    4.05    2.84    9.63  -0.92   0.40    5.4   22.0   -0.36  -0.05    
NGC 5694      219.90120  -26.53894  37.33    31.41   134      0  3.67e+05   3.28e+04   10.05   0.09   2.52   0.25   0.04    3.31     5.78   216.49    6.60    2.37    5.63    3.32    9.49  -0.78   0.43    8.9   35.6   -0.37  -0.08  5.62 +- 6.40  62.3
IC 4499       225.07688  -82.21369  18.20    15.09    68     62  1.30e+05   2.54e+04    9.66   0.22   1.74   0.49   4.62    9.77    13.44   118.17    1.55    0.81    2.61    2.16    9.81  -0.23   0.55    2.9   10.4   -0.22  -0.02    
NGC 5824      225.99429  -33.06822  30.90    24.39   172      0  8.49e+05   4.65e+04    8.70   0.04   2.06   0.14   0.71    4.39     7.30   264.15    4.74    2.42    4.77    3.48    9.86  -1.10   0.36   11.2   45.8   -0.35  -0.02  6.47 +- 2.28  99.7
Pal 5         229.02187   -0.11161  21.60    16.83    52      0  1.71e+04   2.83e+03   11.82   0.22   2.35   0.54  17.16   23.02    30.60    57.94   -0.83   -1.15    0.79    0.58   10.00  -0.22   0.55    0.7    2.3   -0.12  -0.04    
NGC 5897      229.35208  -21.01028  12.60     7.36   157    125  1.53e+05   1.79e+04    8.69   0.10   2.62   0.39   5.28    7.64    10.45    61.51    1.60    1.21    2.72    2.46    9.71  -0.55   0.60    3.6   12.1   -0.18  -0.10  1.02 +- 0.79  82.0
NGC 5904      229.63841    2.08103   7.57     6.45   887   3223  3.68e+05   6.04e+03    5.83   0.16   1.48   0.19   1.18    3.64     5.40    79.65    3.68    2.45    4.11    3.39    9.40  -0.29   0.58    7.8   30.1   -0.33  -0.07  4.11 +- 0.42 100.0
NGC 5927      232.00287  -50.67303   9.08     5.13   397  13530  3.46e+05   3.01e+03    7.74   0.39   2.18   0.30   1.71    3.78     5.56    71.77    3.24    2.38    3.86    3.34    9.38   0.01   0.65    7.3   26.0   -0.25  -0.06  0.93 +- 0.72  82.2
NGC 5946      233.86883  -50.65967  10.60     5.74    32     43  1.37e+05   2.46e+04    9.61   0.00   2.14   0.46   0.20    2.13     2.93    89.04    5.13    2.81    4.78    3.48    8.76  -0.03   0.68    7.0   27.9   -0.43  -0.12    
NGC 5986      236.51250  -37.78641  10.56     4.79   239    226  3.31e+05   2.42e+04    7.74   0.15   1.95   0.27   1.38    2.85     4.27    69.33    3.48    2.71    4.03    3.55    9.23  -0.38   0.54    8.2   30.0   -0.33  -0.11  1.65 +- 0.93  97.7
FSR 1716      242.62500  -53.74889   7.50     4.29     9     50  9.43e+04   3.62e+04   13.50   0.00   7.90   8.88   2.16    4.12     6.04    40.18    2.39    1.71    3.14    2.72    9.26  -0.59   0.49    3.6   13.4   -0.33  -0.12    
Pal 14        242.75250   14.95778  71.00    65.80    16      0  1.67e+04   3.11e+03   14.11   0.24   1.57   0.46  16.21   23.45    31.14   108.33   -0.81   -1.17    0.80    0.56   10.00  -0.23   0.56    0.7    2.3   -0.12  -0.03    
Lynga 7       242.76521  -55.31777   8.00     4.48     6    157  1.04e+05   2.23e+04   10.18   0.00   2.82   0.80   2.13    4.18     5.27    44.15    2.51    1.93    3.24    2.88    9.05   1.10   0.73    4.1   14.5   -0.18  -0.06    
NGC 6093      244.26004  -22.97608   8.86     3.15   458    155  2.64e+05   7.99e+03    7.35   0.13   2.13   0.21   0.36    1.52     2.22    46.59    4.91    3.47    4.86    4.01    8.68  -0.14   0.51   10.5   41.4   -0.36  -0.11  1.97 +- 0.84  99.7
NGC 6121      245.89674  -26.52575   1.93     6.69  2818   4763  9.29e+04   1.55e+03    5.63   0.09   2.02   0.12   0.50    2.58     3.94    53.97    3.90    2.26    4.01    3.07    8.94  -0.28   0.56    4.7   19.2   -0.38  -0.11  0.22 +- 0.17  81.8
NGC 6101      246.45048  -72.20219  12.80     9.01    47      0  1.30e+05   3.56e+04    8.70   0.20   2.32   0.67   5.01    8.49    12.46   115.61    1.52    0.90    2.60    2.23    9.86  -0.98   0.33    3.0   10.5   -0.26  -0.06    
NGC 6144      246.80777  -26.02350   8.90     2.69    22     70  6.52e+04   1.74e+04    9.01   0.00   1.39   0.42   1.96    4.36     5.99    26.05    2.32    1.56    3.02    2.56    9.13  -0.02   0.61    3.1   11.2   -0.34  -0.12    
NGC 6139      246.91821  -38.84875   9.80     3.27    56    129  3.48e+05   5.20e+04    8.95   0.13   2.08   0.33   0.30    1.96     2.59    57.05    5.20    3.38    5.04    3.99    8.84   0.03   0.59   11.6   46.9   -0.37  -0.08    
Ter 3         247.16700  -35.35347   8.10     2.55    22     49  7.93e+04   2.84e+04   12.00   0.00  11.19   4.52   2.73    6.32     9.97    32.01    1.90    1.00    2.75    2.22    9.57  -0.80   0.39    2.5    9.6   -0.30  -0.06    
NGC 6171      248.13275  -13.05378   5.70     3.96   374    769  8.13e+04   4.62e+03    8.18   0.31   2.31   0.64   0.87    2.96     4.07    37.33    3.32    2.16    3.67    2.98    8.91   0.00   0.69    4.2   16.3   -0.39  -0.12  0.70 +- 0.46  93.9
ESO 452-SC11  249.85417  -28.39917   6.50     2.74    13     42  6.49e+03   3.39e+03   12.05   0.00   2.97   1.65   0.60    1.67     2.45    17.27    2.74    1.72    2.93    2.32    7.95   0.45   0.58    1.5    5.8   -0.31  -0.07    
NGC 6205      250.42181   36.45986   6.77     8.56   430   1138  4.69e+05   1.97e+04    5.80   0.10   2.57   0.20   1.71    3.16     4.85   124.98    3.39    2.69    4.03    3.60    9.42  -0.63   0.53    9.1   33.0   -0.32  -0.11  1.53 +- 0.61  99.9
NGC 6229      251.74496   47.52775  30.62    29.97    21      0  2.88e+05   9.16e+04    9.43   0.16   2.01   0.70   1.16    3.18     5.01   205.20    3.54    2.44    4.00    3.35    9.35  -0.63   0.47    7.1   27.1   -0.37  -0.10    
NGC 6218      251.80907   -1.94853   4.67     5.06  1078    832  8.67e+04   3.39e+03    6.92   0.28   1.59   0.36   0.16    2.60     4.20    42.87    5.79    2.15    4.95    2.98    8.98  -0.65   0.46    5.1   19.7   -0.33  -0.13  0.93 +- 0.37 100.0
FSR 1735      253.04417  -47.05806   9.80     3.56     6      0  9.28e+04               12.9          1.80          2.11    6.17    10.40    45.65    2.21    1.12    2.96    2.31    9.57  -0.80   0.38    2.6   10.1   -0.34  -0.06    
NGC 6235      253.35546  -22.17744  13.52     5.62     2     56  1.12e+05   3.58e+04    9.81   0.19   2.88   1.07   1.42    3.76     5.78    58.74    2.85    1.85    3.42    2.82    9.25  -0.54   0.48    4.1   15.7   -0.34  -0.10    
NGC 6254      254.28772   -4.10031   4.96     4.69   413   1306  1.89e+05   3.99e+03    6.42   0.38   1.81   0.06   0.89    2.91     4.46    54.53    3.63    2.41    3.99    3.27    9.17  -0.47   0.50    6.2   23.9   -0.34  -0.10  0.26 +- 0.56  12.0
NGC 6256      254.88592  -37.12139   6.40     2.65    15     24  1.16e+05   3.55e+04   10.95   0.47   3.57   1.94   0.08    2.46     3.60    33.89    5.91    2.48    5.08    3.25    8.94  -0.31   0.61    6.0   24.8   -0.37  -0.15    
Pal 15        254.96250   -0.53889  45.10    38.02     5      0  4.15e+04   8.17e+03   13.65   0.19   2.63   0.70  12.76   19.74    26.93   106.10   -0.13   -0.59    1.36    1.07   10.12  -0.52   0.45    1.2    3.9   -0.16  -0.03    
NGC 6266      255.30333  -30.11372   6.41     2.44   251  17209  6.90e+05   5.14e+03    6.45   0.12   2.56   0.21   0.37    1.81     2.88    49.60    5.20    3.54    5.17    4.20    9.11  -0.38   0.51   15.3   61.2   -0.37  -0.11  6.22 +- 1.53 100.0
NGC 6273      255.65749  -26.26797   8.27     1.46   280    754  6.57e+05   3.32e+04    6.80   0.05   2.00   0.13   1.00    3.12     4.19    38.21    4.13    3.03    4.52    3.86    9.28   0.32   0.66   11.8   44.8   -0.30  -0.04  4.19 +- 1.12 100.0
NGC 6284      256.11879  -24.76486  15.14     6.93    32     82  2.39e+05   4.72e+04    8.71   0.20   1.52   0.48   0.51    2.60     4.31    89.84    4.27    2.56    4.39    3.40    9.22  -0.57   0.47    7.3   29.5   -0.40  -0.11    
NGC 6287      256.28805  -22.70836   9.40     1.94     3    184  1.35e+05   2.87e+04    9.42   0.06   1.90   0.42   0.44    2.23     3.24    38.66    4.26    2.68    4.32    3.40    8.84  -0.15   0.58    6.3   24.8   -0.35  -0.11    
NGC 6293      257.54250  -26.58208   8.70     1.24     2    218  1.39e+05   1.10e+04    8.11   0.16   1.63   0.27   0.11    2.25     3.04    30.83    5.77    2.77    5.12    3.46    8.80   0.16   0.59    7.2   29.7   -0.38  -0.11    
NGC 6304      258.63440  -29.46203   5.77     2.85   188    201  2.11e+05   1.75e+04    8.10   0.17   2.77   0.49   0.59    3.20     6.53    39.26    3.82    2.04    4.03    3.04    9.45  -0.89   0.36    5.3   21.6   -0.40  -0.06  1.30 +- 0.91  89.4
NGC 6316      259.15542  -28.14011  11.60     3.29    65     39  5.09e+05   8.05e+04    8.69   0.33   2.85   0.99   0.72    3.76     7.00    67.14    4.09    2.41    4.38    3.38    9.66  -0.79   0.37    8.7   35.1   -0.40  -0.03    
NGC 6341      259.28076   43.13594   8.44    10.00   384   7597  3.12e+05   3.73e+03    6.51   0.06   1.94   0.09   0.63    2.37     4.14   112.62    5.14    2.72    4.77    3.55    9.26  -0.67   0.56    8.7   33.9   -0.33  -0.12  1.46 +- 0.61  99.9
NGC 6325      259.49671  -23.76600   7.80     1.34    41     80  7.68e+04   1.27e+04   10.49   0.23   1.75   0.47   0.35    1.40     1.66    16.18    4.46    3.30    4.42    3.73    8.19   1.75   0.80    6.5   24.5   -0.31  -0.10    
NGC 6333      259.79694  -18.51594   8.40     1.78    34    641  3.21e+05   2.46e+04    7.77   0.06   2.31   0.22   0.92    2.76     4.23    33.99    3.84    2.71    4.22    3.54    9.23  -0.42   0.56    8.2   31.5   -0.35  -0.11    
NGC 6342      260.29200  -19.58742   8.43     1.61    53    136  5.78e+04   1.03e+04   10.34   0.96   3.52   1.47   0.29    1.54     2.02    17.65    4.55    2.93    4.39    3.43    8.24   1.36   0.70    5.3   20.5   -0.31  -0.06    
NGC 6356      260.89554  -17.81303  15.10     7.03    41     26  4.37e+05   9.37e+04    8.20   0.11   1.77   0.42   1.29    3.76     6.64    88.17    3.52    2.26    4.03    3.29    9.64  -0.89   0.37    7.7   30.0   -0.33  -0.05    
NGC 6355      260.99412  -26.35342   8.70     0.84    44     70  1.19e+05   1.77e+04    9.28   0.20   0.95   0.22   0.35    2.34     3.09    24.30    4.63    2.68    4.46    3.37    8.77   0.28   0.64    6.2   24.7   -0.35  -0.10    
NGC 6352      261.37128  -48.42217   5.30     3.95    43    464  5.90e+04   1.84e+03    7.91   0.06   1.92   0.19   0.96    3.05     4.83    32.09    3.04    1.80    3.42    2.70    8.99  -0.27   0.48    3.3   13.0   -0.35  -0.11    
IC 1257       261.78543   -7.09305  25.00    17.43     5      0  6.89e+04               13.1          1.80          2.58   11.36    18.82   109.48    1.70    0.24    2.52    1.66   10.02  -1.22   0.33    1.9    7.5   -0.35  -0.00    
Ter 2         261.88792  -30.80233   7.50     1.17     8      0  4.05e+04               14.3          1.80          0.21    2.23     3.70     9.98    4.48    1.98    4.15    2.75    8.70  -0.00   0.57    3.6   14.5   -0.38  -0.13    
NGC 6366      261.93436   -5.07986   3.79     5.28   229    169  4.29e+04   4.59e+03    8.76   0.33   1.61   0.50   2.68    4.48     6.31    35.28    1.84    1.31    2.68    2.35    9.08   0.10   0.53    2.4    8.6   -0.22  -0.10  0.63 +- 0.60  66.6
Ter 4         262.66251  -31.59553   6.70     1.88     9     37  7.95e+04   1.53e+04   16.00   0.00  15.34   4.09   0.43    3.39     4.13    14.54    3.96    2.17    4.02    2.96    8.83   1.66   0.75    4.5   17.7   -0.32  -0.05    
HP 1          262.77167  -29.98167   6.80     1.76    38     40  2.25e+05   4.79e+04   11.59   0.00  10.18   2.88   0.73    3.95     6.15    17.32    3.74    2.09    4.02    3.08    9.40  -0.50   0.48    5.8   23.6   -0.38  -0.07    
FSR 1758      262.80000  -39.80800  10.00     2.35    13     96  5.11e+05   7.15e+04    8.94   0.00   1.31   0.30   7.50    8.90    12.34    88.82    1.76    1.51    3.03    2.85   10.13  -1.32   0.31    6.1   19.8   -0.12  -0.06    
NGC 6362      262.97909  -67.04833   7.36     5.30   344   1735  1.16e+05   3.25e+03    7.67   0.10   2.43   0.13   3.07    4.94     7.28    49.78    2.10    1.56    2.99    2.65    9.40  -0.40   0.58    3.7   13.0   -0.25  -0.10  0.47 +- 0.40  75.2
Liller 1      263.35233  -33.38956   8.10     0.85    82      0  8.59e+05   1.38e+05   15.40   0.00   1.90   0.35   0.20    1.03     1.68    29.24    6.03    4.35    5.76    4.77    8.71  -0.02   0.56    5.2   90.5   -0.37  -0.09    
NGC 6380      263.61670  -39.06920   9.80     2.10    61     28  1.97e+05   3.71e+04   10.47   1.19   1.33   1.78   1.00    3.23     4.28    41.16    3.56    2.48    3.96    3.32    9.02   1.65   0.59    6.4   23.7   -0.25  -0.02    
Ter 1         263.94630  -30.48100   6.70     1.83    22     80  2.72e+05   6.03e+04   15.90   0.00   3.93   2.07   1.38    2.95     4.40    18.00    3.38    2.58    3.93    3.45    9.22  -0.46   0.51    7.3   27.0   -0.32  -0.11    
Ton 2         264.04375  -38.55333   6.40     2.45    24      0  4.82e+04   2.43e+04   12.24   0.00   3.19   1.84   0.73    2.11     3.44    23.11    3.30    2.15    3.58    2.90    8.66  -0.05   0.55    3.5   13.7   -0.34  -0.11    
NGC 6388      264.07178  -44.73550  10.74     3.47   508  12038  1.13e+06   9.76e+03    6.76   0.13   2.02   0.24   0.41    2.55     4.34    91.64    5.29    3.22    5.25    4.05    9.46  -0.26   0.39   16.7   68.1   -0.40  -0.05  1.51 +- 0.65  99.5
NGC 6402      264.40039   -3.24592   9.31     4.05   337    842  7.39e+05   3.73e+04    7.66   0.08   2.10   0.17   2.29    3.58     5.39    78.54    3.29    2.75    4.05    3.71    9.60  -0.87   0.39   10.8   38.1   -0.24  -0.09  1.58 +- 0.88  97.7
NGC 6401      264.65250  -23.90950   7.70     1.09    17    138  2.96e+05   5.14e+04    9.47   0.02   1.57   0.31   0.55    2.36     3.52    20.07    4.42    2.92    4.53    3.67    9.08  -0.39   0.54    8.8   35.3   -0.38  -0.10    
NGC 6397      265.17539  -53.67433   2.44     6.36  2324  16400  8.98e+04   1.14e+03    5.77   0.18   2.26   0.36   0.03    2.13     3.50    51.11    6.61    2.40    5.41    3.15    8.80  -0.52   0.58    5.5   21.7   -0.37  -0.12  0.48 +- 0.17 100.0
Pal 6         265.92583  -26.22250   5.80     2.72    14     56  1.24e+05   4.59e+04   11.32   0.33   2.29   1.11   0.79    2.24     3.54    20.53    3.63    2.53    3.95    3.29    8.89  -0.16   0.54    5.5   21.6   -0.33  -0.13    
NGC 6426      266.22771    3.17014  19.80    13.39    30      0  6.44e+04   2.62e+04   11.10   0.13   1.90   0.81   2.60    4.99     7.70    75.08    1.97    1.23    2.79    2.33    9.37  -0.70   0.37    2.7    9.8   -0.28  -0.11    
Djor 1        266.86792  -33.06556   9.30     1.03     9      0  7.60e+04   1.45e+04   13.60   0.00   3.17   0.87   1.13    4.32     5.38    20.77    2.93    1.76    3.40    2.70    9.00   1.17   0.74    3.5   13.3   -0.26  -0.04    
Ter 5         267.02020  -24.77905   5.50     3.04   441     75  7.60e+05   5.11e+04   11.65   0.10   2.03   0.35   0.30    1.40     2.22    73.72    5.63    3.93    5.46    4.47    8.91  -0.12   0.53   18.2   68.9   -0.27  -0.09  7.97 +- 2.38 100.0
NGC 6440      267.21958  -20.36025   8.24     1.28   118     67  5.33e+05   6.54e+04    9.37   0.14   2.46   0.44   0.31    1.27     2.20    31.79    5.32    3.80    5.24    4.33    8.83  -0.08   0.53   15.4   60.7   -0.36  -0.11  3.93 +- 2.74  87.5
NGC 6441      267.55441  -37.05145  11.83     3.62   869  10811  1.25e+06   1.12e+04    7.16   0.11   2.14   0.14   0.47    1.98     3.63    96.67    5.27    3.49    5.27    4.25    9.39  -0.57   0.45   18.4   74.1   -0.37  -0.07  1.52 +- 1.66  55.3
Ter 6         267.69325  -31.27539   6.70     1.83    11      0  8.15e+04   3.79e+04   13.69   0.23   0.80   0.41   0.12    1.63     2.58    26.80    5.64    2.77    4.99    3.37    8.50   0.18   0.59    6.2   25.7   -0.35  -0.08    
NGC 6453      267.71542  -34.59917  11.60     3.26    21     78  2.31e+05   3.65e+04   10.08   0.00   3.51   1.13   0.38    3.55     4.54    58.79    4.59    2.53    4.56    3.36    9.10   0.84   0.71    7.6   30.5   -0.37  -0.03    
UKS 1         268.61331  -24.14528   7.80     1.02     3      0  7.97e+04               17.3          1.80          0.59    1.77     2.82    14.34    3.79    2.63    3.98    3.29    8.62  -0.03   0.56    5.0   19.5   -0.34  -0.13    
VVV-CL001     268.67708  -24.01472  15.00     6.58    23      0  9.05e+04   3.21e+04   17.70   0.00  19.22  11.43   0.84    2.78     3.88    36.30    3.41    2.27    3.74    3.08    8.91  -0.14   0.62    4.5   17.6   -0.37  -0.12    
NGC 6496      269.76535  -44.26595   9.12     2.46   126     78  6.50e+04   9.34e+03    8.91   0.69   2.19   1.29   2.49    4.10     5.75    31.04    2.13    1.62    2.93    2.60    9.08   0.45   0.65    3.1   10.5   -0.18  -0.08  1.21 +- 0.63  97.1
Ter 9         270.41167  -26.83972   5.60     2.94   101     44  4.64e+04   6.87e+03   15.93   0.20   1.36   0.32   0.33    1.41     1.83    17.62    4.33    2.96    4.24    3.42    8.14   0.49   0.65    4.8   18.9   -0.33  -0.08    
Djor 2        270.45458  -27.82583   8.75     0.61    14     37  1.53e+05   3.39e+04    9.90   0.00   2.13   0.62   1.75    4.33     5.71    22.30    2.81    2.00    3.47    2.98    9.15   2.08   0.76    4.7   17.2   -0.20  -0.01    
NGC 6517      270.46050   -8.95878  10.60     3.96    32    144  3.03e+05   5.53e+04   10.43   0.29   2.18   0.71   0.16    1.92     2.61    61.55    5.70    3.31    5.29    3.92    8.83   0.30   0.59   11.5   47.3   -0.37  -0.10    
Ter 10        270.74167  -26.07250  10.30     1.96     3      0  2.53e+05   5.01e+04   14.90   0.00   5.34   1.45   0.27    2.28     3.06    42.59    5.20    3.02    4.95    3.71    8.89   0.00   0.62    9.4   38.6   -0.39  -0.08    
NGC 6522      270.89175  -30.03397   8.00     0.77   491    163  2.10e+05   1.28e+04    8.06   0.30   1.64   0.47   0.12    2.48     3.01    12.78    6.12    2.96    5.40    3.63    8.83   0.88   0.70    9.5   38.6   -0.36  -0.06  1.43 +- 2.21  24.4
NGC 6535      270.96045   -0.29764   6.50     4.22    29     58  1.31e+04   2.04e+03   11.14   0.57   3.93   1.97   0.09    2.71     3.74    21.24    4.60    1.47    3.99    2.25    8.45  -0.00   0.63    2.0    8.3   -0.38  -0.14    
NGC 6528      271.20683  -30.05628   7.45     1.21   263     28  5.78e+04   5.69e+03    9.35   0.31   1.46   0.41   0.14    2.18     2.95    17.46    5.23    2.45    4.68    3.10    8.52   0.17   0.62    5.0   20.9   -0.39  -0.05    
NGC 6539      271.20700   -7.58586   7.85     3.16   122    116  2.61e+05   3.13e+04    9.55   0.20   1.85   0.45   0.98    3.87     6.64    47.15    3.47    2.04    3.89    3.07    9.51  -0.80   0.39    5.8   23.4   -0.39  -0.06  1.94 +- 1.15  95.9
NGC 6540      271.53583  -27.76528   5.20     3.34    27     48  4.12e+04   1.07e+04    9.30   0.00   1.43   0.46   0.39    2.40     3.41    33.19    3.82    2.12    3.83    2.85    8.64  -0.14   0.61    3.4   13.8   -0.36  -0.12    
NGC 6544      271.83575  -24.99733   2.60     5.92    53    228  1.15e+05   1.06e+04    7.81   0.10   3.06   0.40   0.16    2.43     3.31    55.88    6.28    2.58    5.08    3.29    8.77   0.14   0.63    6.6   27.3   -0.42  -0.04    
NGC 6541      272.00983  -43.71489   7.95     2.28   206    457  2.54e+05   7.78e+03    6.66   0.38   1.54   0.54   0.14    2.39     3.93    38.63    6.02    2.71    5.32    3.50    9.13  -0.39   0.49    8.7   36.1   -0.37  -0.11  3.73 +- 1.15 100.0
2MASS-GC01    272.09085  -19.82972   3.60     5.00     2      0  4.25e+04               27.7          1.80          0.55    3.64     4.85    33.83    3.40    1.65    3.56    2.54    8.88   0.00   0.62    2.9   12.0   -0.38  -0.08    
ESO 280-SC06  272.27500  -46.42333  20.60    12.79    18      0  4.63e+04   1.92e+04   12.00   0.00   6.59   2.99   2.70    7.09    10.50    75.60    1.61    0.70    2.48    1.95    9.49  -0.75   0.45    1.8    7.0   -0.32  -0.07    
NGC 6553      272.32333  -25.90869   6.75     1.92   516    412  4.45e+05   2.36e+04    7.96   0.13   3.13   0.41   1.24    2.95     6.54    32.88    3.55    2.28    4.05    3.30    9.74  -1.51   0.24    7.8   30.7   -0.33  -0.06  2.33 +- 0.82 100.0
2MASS-GC02    272.40210  -20.77889   7.10     1.93    12      0  2.58e+04               24.6          1.80          0.62    2.83     3.80    11.47    3.15    1.75    3.35    2.55    8.64  -0.02   0.64    2.5    9.8   -0.44  -0.13    
NGC 6558      272.57333  -31.76389   7.20     1.54    19    110  3.46e+04   7.52e+03    9.26   0.10   1.13   0.27   0.31    1.69     2.18     9.13    5.89    2.61    4.70    3.15    8.24   0.39   0.66    4.0   15.6   -0.36  -0.11    
IC 1276       272.68417   -7.20761   5.39     4.08    20    112  8.29e+04   2.33e+04   10.08   0.23   1.67   0.59   1.87    4.24     7.24    38.61    2.39    1.42    3.08    2.49    9.37  -0.62   0.41    3.2   12.0   -0.32  -0.11    
Ter 12        273.06583  -22.74194   4.60     4.01    10      0  2.84e+04               14.0          1.80          0.45    1.15     1.53    22.36    3.83    2.98    3.90    3.38    7.87   1.27   0.71    4.0   14.8   -0.27  -0.08    
NGC 6569      273.41167  -31.82689  10.59     2.37   168    241  2.28e+05   2.18e+04    8.78   0.20   1.92   0.40   1.13    2.64     4.38    50.50    3.49    2.51    3.95    3.37    9.19  -0.47   0.45    6.7   25.5   -0.30  -0.11  0.81 +- 0.91  52.3
BH 261        273.52750  -28.63500   6.50     2.16     2     51  3.04e+04   9.39e+03   11.00   0.00   7.59   2.74   0.26    1.44     1.88    19.60    4.39    2.74    4.17    3.21    8.07   0.53   0.66    4.0   15.9   -0.36  -0.08    
NGC 6584      274.65665  -52.21578  13.18     6.43    25      0  8.16e+04   2.70e+04    8.62   0.30   1.01   0.41   1.49    3.33     4.98    53.66    2.73    1.90    3.32    2.81    9.07  -0.40   0.44    3.7   14.0   -0.30  -0.12    
NGC 6624      275.91879  -30.36103   7.40     1.60   334   2189  9.62e+04   2.46e+03    7.78   0.13   1.40   0.17   0.27    2.10     2.57    19.22    4.69    2.83    4.54    3.43    8.49   1.42   0.71    6.4   25.5   -0.30  -0.02  0.87 +- 1.04  46.7
NGC 6626      276.13671  -24.86978   5.43     3.27   190   1223  2.84e+05   1.48e+04    6.70   0.13   1.73   0.23   0.31    1.62     2.20    47.52    5.04    3.51    4.95    4.05    8.69   0.24   0.70   11.1   43.9   -0.38  -0.11  2.42 +- 1.08 100.0
NGC 6638      277.73373  -25.49747  10.32     2.52     7    210  1.89e+05   3.08e+04    8.96   0.07   2.48   0.43   0.61    2.02     3.46    40.39    4.08    2.76    4.28    3.49    8.95  -0.22   0.50    7.1   27.9   -0.32  -0.11    
NGC 6637      277.84625  -32.34808   8.80     1.60    62    372  1.62e+05   1.74e+04    7.60   0.04   0.92   0.17   0.81    2.37     3.57    25.03    3.72    2.63    4.05    3.39    8.94   0.13   0.64    6.3   24.3   -0.30  -0.12    
NGC 6642      277.97542  -23.47519   8.05     1.75    21     40  6.45e+04   1.26e+04    9.05   0.12   2.79   0.63   0.17    1.35     1.59    19.61    5.27    3.28    4.82    3.68    8.09   2.15   0.77    6.4   25.7   -0.36  -0.09    
NGC 6652      278.94012  -32.99072  10.00     2.38    39     95  5.24e+04   9.06e+03    8.87   0.24   1.67   0.47   0.23    1.54     2.14    21.03    4.62    2.81    4.40    3.34    8.31   0.90   0.71    5.0   20.2   -0.39  -0.08    
NGC 6656      279.09976  -23.90475   3.23     5.39  2301  17817  4.09e+05   3.91e+03    5.07   0.07   1.95   0.07   0.92    3.09     4.97    73.95    4.01    2.60    4.31    3.51    9.42  -0.71   0.42    8.6   34.0   -0.36  -0.09  3.38 +- 0.71 100.0
Pal 8         280.37457  -19.82583  12.80     5.15     6    180  5.90e+04   3.92e+04   11.02   0.20   4.34   2.99   2.00    3.84     6.19    42.77    2.25    1.48    2.96    2.49    9.18  -0.57   0.44    2.8   10.6   -0.31  -0.10    
NGC 6681      280.80316  -32.29211   9.31     2.15    53   4767  1.20e+05   1.74e+03    7.98   0.15   2.06   0.29   0.05    2.13     3.08    28.57    6.22    2.70    5.33    3.38    8.77  -0.10   0.65    6.9   28.7   -0.38  -0.13    
NGC 6712      283.26792   -8.70611   6.95     3.75   218    605  1.19e+05   7.59e+03    7.97   0.21   1.23   0.25   1.23    2.99     4.51    36.20    3.11    2.20    3.62    3.06    9.05  -0.36   0.52    4.8   17.9   -0.33  -0.11  0.58 +- 0.69  45.8
NGC 6715      283.76385  -30.47986  24.13    16.08  1341   3974  1.62e+06   2.74e+04    7.47   0.10   2.23   0.11   0.63    3.29     5.74   259.49    5.20    3.01    5.19    3.97    9.82  -1.07   0.36   17.0   69.8   -0.37  -0.03  0.57 +- 1.11  18.5
NGC 6717      283.77518  -22.70147   7.10     2.67    17     98  1.81e+04   2.82e+03    9.16   0.17   1.04   0.23   0.23    3.64     4.26    17.29    3.96    1.45    3.73    2.27    8.60   1.16   0.76    2.3    9.4   -0.33  -0.06    
NGC 6723      284.88812  -36.63225   8.30     2.53   372    184  1.72e+05   1.13e+04    7.11   0.17   1.89   0.29   1.72    3.53     4.86    36.95    2.95    2.25    3.59    3.16    9.16   0.03   0.63    5.5   19.9   -0.32  -0.12  0.84 +- 0.55  93.0
NGC 6749      286.31375    1.90083   7.80     5.12    16     22  8.30e+04   4.51e+04   12.44   0.00   2.12   1.22   1.56    4.20     6.41    47.41    2.60    1.58    3.21    2.60    9.27  -0.51   0.50    3.3   13.0   -0.38  -0.09    
NGC 6752      287.71710  -59.98455   4.25     5.53  2660   8715  2.32e+05   3.00e+03    5.52   0.17   2.17   0.34   0.16    2.38     4.00    62.50    5.52    2.64    5.04    3.44    9.15  -0.42   0.64    8.4   34.7   -0.37  -0.11  0.91 +- 0.34  99.9
NGC 6760      287.80004    1.03047   7.95     5.15    79    190  2.55e+05   2.99e+04    8.94   0.07   1.99   0.27   0.87    3.05     4.58    66.09    3.76    2.51    4.12    3.38    9.19   0.35   0.54    7.1   27.7   -0.36  -0.09    
NGC 6779      289.14819   30.18347   9.68     9.55    80    214  1.56e+05   1.75e+04    8.08   0.19   1.71   0.32   1.10    2.75     4.40    92.50    3.36    2.35    3.80    3.20    9.14  -0.68   0.57    5.6   21.2   -0.32  -0.11  1.09 +- 1.52  35.1
Ter 7         289.43298  -34.65772  22.80    15.12    44      0  1.96e+04   3.47e+03   11.66   0.50   1.65   0.84   3.57    5.98    11.08    55.63    1.04    0.24    1.99    1.50    9.46  -0.98   0.27    1.2    4.3   -0.21  -0.07    
Pal 10        289.50873   18.57167   5.90     6.78     4     56  5.49e+04   3.04e+04   12.34   1.52   1.42   1.04   1.16    2.53     3.47    43.90    2.94    2.20    3.41    2.96    8.66   0.02   0.61    3.7   13.5   -0.28  -0.12    
Arp 2         292.18381  -30.35564  28.60    20.99    49      0  3.78e+04   6.27e+03   12.60   0.21   4.46   1.14   9.31   14.57    18.93   130.53    0.25   -0.17    1.61    1.34    9.79   0.03   0.63    1.3    4.4   -0.14  -0.04  4.06 +- 4.15  67.6
NGC 6809      294.99878  -30.96475   5.30     4.31   534   2048  1.88e+05   7.07e+03    6.63   0.24   2.80   0.56   2.65    4.35     6.67    51.55    2.47    1.88    3.30    2.93    9.49  -0.88   0.53    4.9   17.6   -0.26  -0.11  0.88 +- 0.38  99.9
Ter 8         295.43503  -33.99947  26.73    19.38    73      0  5.83e+04   1.31e+04   12.11   0.32   3.13   1.37  12.37   15.22    20.69   145.96    0.16   -0.10    1.64    1.46   10.00  -0.67   0.39    1.6    5.1   -0.10  -0.06  0.79 +- 1.51  37.5
Pal 11        296.31000   -8.00722  14.30     8.82    17     22  1.13e+04   4.86e+03    8.80   0.58   1.31   0.61   3.84    5.91     7.85    34.10    0.86    0.45    1.85    1.58    8.93   1.82   0.69    1.1    3.8   -0.16  -0.11    
NGC 6838      298.44373   18.77919   3.99     7.15   230   1015  6.29e+04   3.31e+03    7.91   0.39   3.31   1.23   1.40    4.13     5.68    48.12    2.62    1.62    3.19    2.60    9.04   0.30   0.56    3.0   11.7   -0.30  -0.06  0.74 +- 0.42  97.8
NGC 6864      301.51954  -21.92117  21.61    15.13    47    107  4.10e+05   8.13e+04    8.58   0.10   1.76   0.39   0.40    2.16     3.14   181.23    4.92    3.21    4.90    3.90    9.01   0.10   0.65   11.4   45.5   -0.37  -0.08    
NGC 6934      308.54739    7.40447  15.40    12.54    63     69  1.50e+05   2.39e+04    8.72   0.11   1.87   0.30   1.25    2.89     5.16    81.31    3.16    2.12    3.67    3.04    9.29  -0.97   0.56    5.0   19.3   -0.37  -0.12    
NGC 6981      313.36542  -12.53730  17.00    12.74    70     24  8.69e+04   1.63e+04    9.26   0.09   1.54   0.32   2.33    4.22     6.32    76.04    2.27    1.62    3.05    2.64    9.23  -0.38   0.62    3.4   12.4   -0.29  -0.11    
NGC 7006      315.37242   16.18733  40.10    37.36    43      0  1.49e+05   3.85e+04   10.87   0.08   1.97   0.53   2.05    5.36     8.15   193.90    2.57    1.52    3.26    2.64    9.56  -0.62   0.56    4.0   15.2   -0.34  -0.07    
Laevens 3     316.72938   14.98440  61.40    58.39     7      0  1.89e+03               16.1          1.80          2.00    7.11     9.72    67.06    1.24   -0.61    1.50    0.61    8.87  -0.11   0.65    0.4    1.6   -0.37  -0.12    
NGC 7078      322.49304   12.16700  10.22    10.56  1197   8495  4.99e+05   5.15e+03    6.13   0.10   1.19   0.11   0.02    1.96     3.32   127.84    7.51    3.25    6.28    3.95    9.11  -0.53   0.42   13.6   54.3   -0.36  -0.09  3.29 +- 0.51 100.0
NGC 7089      323.36258   -0.82325  10.51     9.81  1454   1114  5.20e+05   9.12e+03    6.43   0.03   1.73   0.06   0.66    2.74     4.16    84.90    4.50    2.94    4.66    3.76    9.30  -0.42   0.44   10.8   42.9   -0.38  -0.08  3.01 +- 0.70 100.0
NGC 7099      325.09213  -23.17986   8.00     7.31  1233    227  1.39e+05   5.84e+03    7.25   0.24   1.97   0.41   0.06    2.41     4.75    77.65    5.93    2.19    5.11    3.07    9.24  -1.02   0.51    5.7   23.9   -0.42  -0.14  1.10 +- 0.40 100.0
Pal 12        326.66180  -21.25261  19.00    15.68    21      0  6.39e+03   1.23e+03   12.27   0.33   1.58   0.57   4.00    7.03    10.66    72.23    0.44   -0.20    1.45    1.05    9.13  -0.06   0.49    0.7    2.5   -0.22  -0.07    
Pal 13        346.68517   12.77200  24.80    25.92    20      0  3.22e+03   5.96e+02   14.54   0.55   1.26   0.26   2.65   11.07    13.87    34.51    0.49   -0.84    1.29    0.50    9.12   1.15   0.73    0.5    1.8   -0.26   0.01    
NGC 7492      347.11096  -15.61150  26.55    25.63    29      0  2.78e+04   8.17e+03   11.09   0.04   1.15   0.34   4.01    7.51     9.88   107.08    1.11    0.54    2.12    1.76    9.38   0.34   0.66    1.6    5.5   -0.24  -0.11    
