# https://doi.org/10.1093/mnras/stad631
Arp_2   	12.4	-1.74	17.29	0.14	0.41	0.80	-0.75  0.14	NaN    NaN 	-0.75  0.14
E_3     	12.1	-0.73	14.18	0.37	0.35	0.85	+0.88  0.24	NaN    NaN 	+0.40  0.31
IC_4499 	12.1	-1.62	16.38	0.26	0.28	0.81	-1.23  0.15	-0.07  0.32	-1.80  0.16
Lynga_7 	13.2	-1.01	14.39	0.80	0.32	0.80	+0.30  0.16	NaN    NaN 	+0.39  0.27
NGC_104 	12.4	-0.76	13.29	0.05	0.22	0.86	-0.65  0.12	-0.25  0.17	-1.33  0.26
NGC_288 	11.7	-1.32	14.83	0.04	0.22	0.82	-0.66  0.12	-0.51  0.12	-0.98  0.35
NGC_362 	11.0	-1.30	14.80	0.03	0.26	0.82	-0.76  0.13	NaN    NaN 	-0.91  0.25
NGC_1261	11.0	-1.27	16.07	0.02	0.33	0.83	-0.61  0.13	-0.36  0.16	-1.02  0.17
NGC_1851	11.3	-1.18	15.39	0.04	0.20	0.83	-0.70  0.13	-0.52  0.21	-0.91  0.15
NGC_2298	13.1	-1.96	14.96	0.23	0.25	0.77	+0.17  0.13	+0.31  0.16	-0.07  0.22
NGC_2808	11.2	-1.14	15.07	0.21	0.22	0.83	-0.60  0.14	-0.27  0.26	-1.19  0.20
NGC_3201	11.2	-1.51	13.38	0.29	0.24	0.80	-1.02  0.16	-0.86  0.19	-1.51  0.34
NGC_4147	12.5	-1.78	16.39	0.02	0.20	0.77	-0.05  0.13	+0.28  0.15	-0.09  0.22
NGC_4372	13.0	-2.19	13.43	0.53	0.16	0.77	-0.86  0.18	-0.59  0.40	-1.20  0.38
NGC_4590	12.2	-2.27	15.09	0.07	0.18	0.77	-1.18  0.14	-1.01  0.23	-1.72  0.17
NGC_4833	12.9	-1.89	14.11	0.36	0.24	0.77	-0.34  0.15	-0.04  0.38	-0.73  0.22
NGC_5024	12.7	-2.06	16.37	0.03	0.26	0.78	-1.20  0.12	-0.59  0.25	-1.63  0.21
NGC_5053	12.8	-2.30	16.27	0.01	0.23	0.78	-1.09  0.14	-0.73  0.35	-2.03  0.38
NGC_5139	13.2	-1.64	13.67	0.13	0.17	0.80	-0.80  0.11	-0.28  0.15	-1.61  0.28
NGC_5272	12.1	-1.50	15.04	0.01	0.17	0.77	-1.01  0.12	-0.78  0.37	-1.45  0.19
NGC_5286	12.8	-1.70	15.23	0.24	0.37	0.75	-0.73  0.16	NaN    NaN 	-0.93  0.20
NGC_5466	12.6	-2.31	16.07	0.03	0.21	0.78	-0.86  0.12	-0.76  0.14	-0.97  0.25
NGC_5897	12.3	-1.90	15.49	0.14	0.24	0.79	-1.01  0.11	-0.68  0.21	-1.43  0.14
NGC_5904	11.7	-1.33	14.37	0.05	0.16	0.79	-0.76  0.11	-0.50  0.15	-1.22  0.14
NGC_5927	11.6	-0.29	14.49	0.43	0.50	0.81	-0.99  0.15	NaN    NaN 	-0.99  0.15
NGC_5946	12.0	-1.29	15.13	0.60	0.52	0.80	-0.64  0.16	NaN    NaN 	-0.64  0.16
NGC_5986	12.5	-1.63	15.11	0.31	0.43	0.76	-0.59  0.17	-0.46  0.36	-1.06  0.20
NGC_6093	13.0	-1.75	15.13	0.21	0.23	0.76	-0.45  0.16	-0.04  0.19	-0.46  0.24
NGC_6101	12.6	-1.98	15.83	0.13	0.24	0.79	-0.90  0.14	-0.38  0.23	-1.88  0.19
NGC_6121	12.0	-1.18	11.34	0.51	0.14	0.80	-0.34  0.15	-0.49  0.30	-0.73  0.33
NGC_6144	13.2	-1.82	14.51	0.41	0.36	0.76	+0.07  0.14	+0.24  0.17	+0.07  0.25
NGC_6171	13.4	-1.03	13.70	0.43	0.23	0.78	-0.29  0.14	-0.54  0.32	-0.11  0.30
NGC_6205	12.6	-1.58	14.45	0.01	0.30	0.74	-0.94  0.12	NaN    NaN 	-1.36  0.15
NGC_6218	13.3	-1.33	13.54	0.21	0.20	0.78	-0.31  0.15	-0.38  0.17	-0.18  0.28
NGC_6254	12.1	-1.57	13.63	0.29	0.22	0.78	-0.60  0.13	-0.49  0.36	-1.02  0.18
NGC_6266	12.3	-1.18	14.03	0.49	0.53	0.81	-1.14  0.19	NaN    NaN 	-1.14  0.19
NGC_6273	12.4	-1.76	14.61	0.44	0.43	0.76	-1.33  0.20	NaN    NaN 	-1.33  0.20
NGC_6284	11.8	-1.31	15.76	0.33	0.43	0.82	-0.05  0.16	NaN    NaN 	-0.05  0.16
NGC_6287	13.9	-2.12	14.50	0.72	0.36	0.76	-0.57  0.16	NaN    NaN 	-0.96  0.38
NGC_6293	12.8	-2.01	14.82	0.40	0.24	0.78	-0.50  0.20	+0.41  0.48	-0.80  0.29
NGC_6304	12.0	-0.37	13.94	0.52	0.43	0.89	-0.40  0.14	NaN    NaN 	-0.40  0.14
NGC_6333	12.6	-1.79	14.60	0.38	0.36	0.78	-0.39  0.21	NaN    NaN 	-0.46  0.36
NGC_6341	13.0	-2.35	14.65	0.02	0.15	0.77	-0.83  0.12	-0.41  0.12	-1.35  0.20
NGC_6342	12.5	-0.49	14.52	0.53	0.41	0.82	+0.65  0.17	NaN    NaN 	+0.65  0.17
NGC_6352	11.8	-0.62	13.67	0.30	0.23	0.83	-0.37  0.16	-0.35  0.50	-0.16  0.24
NGC_6355	13.2	-1.33	14.69	0.87	0.50	0.78	-0.50  0.19	NaN    NaN 	-0.50  0.19
NGC_6362	12.7	-1.07	14.42	0.08	0.21	0.80	-0.49  0.15	-0.59  0.35	-0.69  0.23
NGC_6366	11.7	-0.59	12.68	0.76	0.39	0.83	-0.32  0.17	-0.41  0.44	-0.45  0.32
NGC_6388	10.9	-0.45	15.34	0.34	0.40	0.84	-1.01  0.18	NaN    NaN 	-1.01  0.18
NGC_6397	13.3	-1.99	11.97	0.24	0.34	0.78	-0.32  0.14	-0.43  0.27	-0.92  0.32
NGC_6401	13.2	-1.01	14.13	0.96	0.40	0.81	-0.37  0.17	NaN    NaN 	-0.37  0.17
NGC_6402	12.0	-1.28	14.80	0.60	0.38	0.81	-0.81  0.15	NaN    NaN 	-0.84  0.20
NGC_6426	13.1	-2.36	16.58	0.43	0.24	0.78	-1.07  0.14	-0.41  0.18	-1.59  0.15
NGC_6496	11.4	-0.44	14.91	0.16	0.31	0.82	-0.25  0.16	+0.11  0.44	-0.18  0.30
NGC_6535	12.6	-1.79	14.12	0.48	0.29	0.79	+1.13  0.18	NaN    NaN 	+0.92  0.38
NGC_6541	12.9	-1.82	14.44	0.16	0.26	0.73	-0.75  0.16	-0.60  0.51	-1.17  0.22
NGC_6544	11.1	-1.47	12.16	0.82	0.38	0.82	-0.49  0.19	NaN    NaN 	-0.46  0.26
NGC_6558	12.3	-1.37	14.67	0.40	0.37	0.80	+1.53  0.15	NaN    NaN 	+1.49  0.16
NGC_6584	12.0	-1.50	15.62	0.11	0.30	0.78	-0.80  0.13	-0.61  0.13	-0.95  0.19
NGC_6624	11.9	-0.42	14.52	0.27	0.28	0.82	+0.66  0.16	NaN    NaN 	+0.48  0.17
NGC_6626	12.7	-1.46	13.64	0.49	0.19	0.78	-0.18  0.18	-0.24  0.40	-0.31  0.19
NGC_6637	11.8	-0.59	14.75	0.20	0.26	0.86	+0.10  0.19	NaN    NaN 	-0.13  0.29
NGC_6638	12.0	-0.99	15.05	0.40	0.42	0.82	+0.71  0.22	NaN    NaN 	+0.71  0.22
NGC_6642	12.7	-1.19	14.43	0.44	0.32	0.80	+1.00  0.15	NaN    NaN 	+0.87  0.18
NGC_6652	11.9	-0.76	14.88	0.15	0.26	0.83	+0.84  0.17	+1.11  0.51	+0.90  0.33
NGC_6656	12.8	-1.70	12.66	0.39	0.18	0.74	-0.90  0.15	-0.58  0.35	-1.22  0.25
NGC_6681	13.0	-1.62	14.86	0.16	0.23	0.78	-0.17  0.13	-0.41  0.45	+0.20  0.15
NGC_6712	11.2	-1.02	14.24	0.55	0.35	0.84	-0.24  0.17	NaN    NaN 	-0.10  0.28
NGC_6715	12.0	-1.44	17.15	0.16	0.52	0.80	-1.43  0.19	NaN    NaN 	-1.43  0.19
NGC_6717	12.8	-1.26	14.38	0.23	0.30	0.79	+1.47  0.18	NaN    NaN 	+1.29  0.36
NGC_6723	12.8	-1.10	14.54	0.11	0.23	0.79	-0.33  0.14	-0.14  0.24	-0.58  0.21
NGC_6752	12.8	-1.55	13.09	0.09	0.14	0.78	-0.67  0.13	-0.61  0.27	-0.88  0.32
NGC_6779	13.2	-2.00	15.19	0.25	0.31	0.77	-0.56  0.15	-0.41  0.20	-0.84  0.18
NGC_6809	13.3	-1.93	13.61	0.15	0.16	0.67	-0.93  0.13	-0.81  0.16	-0.86  0.24
NGC_6838	11.9	-0.82	13.01	0.28	0.25	0.82	-0.17  0.15	-0.06  0.20	-0.80  0.30
NGC_6934	12.0	-1.56	15.93	0.12	0.38	0.79	-1.15  0.15	NaN    NaN 	-1.26  0.15
NGC_6981	11.9	-1.48	16.11	0.06	0.40	0.81	-0.68  0.13	NaN    NaN 	-0.68  0.13
NGC_7006	12.2	-1.46	17.97	0.09	0.36	0.79	-1.26  0.14	NaN    NaN 	-1.52  0.16
NGC_7078	13.0	-2.33	15.15	0.11	0.18	0.73	-0.97  0.12	-0.57  0.28	-1.36  0.15
NGC_7089	12.1	-1.66	15.44	0.06	0.24	0.78	-0.87  0.16	-0.62  0.35	-1.17  0.19
NGC_7099	13.1	-2.33	14.67	0.07	0.20	0.77	-0.76  0.13	-0.73  0.16	-1.12  0.16
Pal_1   	7.6	-0.51	15.24	0.20	0.20	1.00	-0.51  0.17	-0.04  0.34	-1.15  0.28
Pal_5   	11.1	-1.41	16.66	0.11	0.29	0.81	-0.84  0.19	-0.39  0.44	-0.96  0.27
Pal_12  	9.3	-0.81	16.33	0.02	0.37	0.84	-0.61  0.15	NaN    NaN 	-0.76  0.19
Pal_13  	13.4	-1.78	16.70	0.18	0.24	0.78	+0.29  0.22	+0.93  0.31	-0.12  0.40
Pal_15  	12.7	-2.10	18.22	0.45	0.47	0.78	-1.41  0.16	NaN    NaN 	-1.41  0.16
Pyxis   	11.2	-1.20	17.81	0.28	0.42	0.83	-1.44  0.16	NaN    NaN 	-1.44  0.16
Rup_106 	11.2	-1.78	16.58	0.20	0.22	0.81	-0.81  0.14	-0.35  0.19	-1.11  0.15
Sgr_II  	12.0	-2.28	18.92	0.22	0.45	0.80	-1.51  0.17	NaN    NaN 	-1.51  0.17
Ter_7   	7.3	-0.12	16.93	0.05	0.35	1.04	-1.61  0.14	NaN    NaN 	-1.85  0.16
Ter_8   	13.2	-2.16	17.20	0.16	0.28	0.77	-1.14  0.15	NaN    NaN 	-1.92  0.20
